30,35,182,23,54,0.91765
30,476,146,40,108,0.5915
30,415,158,23,72,0.23844
30,4,194,28,40,0.20536
30,227,186,12,33,0.16637
30,615,171,1,65,0.16538
30,615,157,1,79,0.16415
30,298,188,12,22,0.16348
30,370,186,12,29,0.16191
30,311,185,4,21,0.15837
30,327,182,1,24,0.15735
30,23,186,28,50,0.15508
30,547,19,2,48,0.15468
30,208,190,2,29,0.15383
30,549,22,1,50,0.14975
30,327,183,3,27,0.14621
30,332,182,5,26,0.14371
30,206,189,1,33,0.14324
30,362,179,23,41,0.14253
30,240,189,10,28,0.14239
30,388,171,17,44,0.14224
30,223,187,10,33,0.14191
30,565,172,1,73,0.14142
30,557,99,0,81,0.13958
30,15,179,22,61,0.13944
30,214,189,7,30,0.13839
30,309,186,10,23,0.13835
30,200,189,1,29,0.1374
30,292,189,11,21,0.13666
30,444,148,3,65,0.13561
30,197,188,1,33,0.13533
30,547,175,2,66,0.13522
30,335,180,1,25,0.13496
30,397,170,2,46,0.13494
30,42,176,16,35,0.13468
30,255,188,14,28,0.13426
30,228,188,1,33,0.13374
30,353,181,8,23,0.13325
30,558,20,0,58,0.13215
30,97,184,1,33,0.13215
30,365,186,3,28,0.13149
30,98,182,1,35,0.1314
30,556,170,1,64,0.13114
30,186,190,3,27,0.13074
30,201,188,1,35,0.13014
30,125,29,2,17,0.12949
30,119,187,1,42,0.12907
30,457,135,1,53,0.12869
30,557,15,0,60,0.12831
30,109,188,1,39,0.12769
30,250,189,13,27,0.12732
30,381,15,10,20,0.12634
30,158,185,1,28,0.1258
30,214,191,1,30,0.12579
30,376,178,15,34,0.12539
30,293,190,5,22,0.12505
30,184,192,1,30,0.12448
30,549,44,1,39,0.12437
30,207,189,4,21,0.12403
30,611,161,1,71,0.12391
30,457,133,2,79,0.12375
30,130,189,0,43,0.1233
30,6,187,1,64,0.12312
30,326,177,1,22,0.12307
30,165,191,1,22,0.12277
30,163,183,2,24,0.12263
30,556,13,0,57,0.12257
30,177,188,3,27,0.12244
30,361,182,13,32,0.12227
30,305,190,2,31,0.12174
30,383,181,3,36,0.12159
30,283,190,6,23,0.12081
30,303,187,3,29,0.11981
30,450,148,11,63,0.11962
30,548,188,1,66,0.11934
30,113,35,2,14,0.1192
30,118,194,1,41,0.11908
30,135,23,3,21,0.11884
30,153,175,9,27,0.11873
30,196,152,1,31,0.11853
30,605,178,19,59,0.11829
30,273,186,5,21,0.11826
30,558,171,1,80,0.11811
30,157,180,3,27,0.11757
30,197,188,1,19,0.11706
30,207,191,1,22,0.11695
30,343,183,10,25,0.11683
30,447,132,2,58,0.11671
30,0,193,14,45,0.11651
30,609,88,14,56,0.11614
30,534,98,18,61,0.11608
30,26,188,2,50,0.11577
30,546,166,1,56,0.11568
30,476,165,3,93,0.11546
30,108,195,1,38,0.11495
30,147,185,1,42,0.11489
30,81,181,8,30,0.11476
30,365,179,3,26,0.11462
30,547,173,3,51,0.11435
30,567,16,15,31,0.11422
30,270,189,10,26,0.11417
30,35,183,4,51,0.11415
30,204,150,1,33,0.11407
30,528,13,15,35,0.11362
30,394,172,6,47,0.11359
30,570,180,6,78,0.11343
30,320,188,11,28,0.1133
30,567,177,4,60,0.11326
30,565,23,24,32,0.11298
30,576,17,17,29,0.11293
30,567,172,1,51,0.11289
30,544,12,4,40,0.11264
30,186,159,1,25,0.1122
30,542,15,8,44,0.11206
30,158,178,1,30,0.11178
30,199,189,1,22,0.11177
30,548,185,2,46,0.11163
30,120,185,1,40,0.11145
30,446,135,2,71,0.11138
30,314,181,2,18,0.11092
30,611,90,20,45,0.1109
30,574,171,1,58,0.11087
30,158,189,9,41,0.11073
30,429,158,11,62,0.11061
30,556,96,0,77,0.11058
30,554,95,1,71,0.11024
30,162,187,5,39,0.11015
30,373,16,8,18,0.11009
30,103,35,3,14,0.10997
30,99,188,1,45,0.10981
30,609,173,10,59,0.10963
30,117,178,1,41,0.1096
30,166,186,2,30,0.10959
30,549,193,2,41,0.10929
30,129,196,1,41,0.10865
30,150,191,1,42,0.10864
30,560,20,11,31,0.1083
30,437,145,36,89,0.10813
30,328,180,1,24,0.10796
30,224,189,23,40,0.10774
30,333,183,1,28,0.10766
30,436,154,17,56,0.1076
30,141,192,1,44,0.1075
30,371,140,37,83,0.10708
60,473,154,38,92,0.48561
60,131,183,1,37,0.19085
60,175,135,21,45,0.17701
60,197,185,1,37,0.17163
60,207,186,0,35,0.17075
60,185,179,7,53,0.16678
60,198,180,1,48,0.1578
60,302,183,11,21,0.15721
60,56,158,1,54,0.15576
60,186,174,1,55,0.1551
60,120,185,1,38,0.15402
60,252,184,12,27,0.15251
60,39,170,1,49,0.15227
60,139,182,1,36,0.15215
60,187,177,3,39,0.15116
60,27,150,1,67,0.15031
60,211,182,13,35,0.14999
60,118,189,1,40,0.14944
60,36,151,1,65,0.14938
60,127,185,1,43,0.14856
60,186,178,1,44,0.14785
60,50,172,1,50,0.14743
60,198,182,3,36,0.14739
60,177,180,1,51,0.14575
60,126,189,1,31,0.14533
60,217,180,15,32,0.14456
60,129,186,1,29,0.14397
60,56,155,1,50,0.14296
60,195,179,1,36,0.14236
60,188,178,3,49,0.1411
60,116,182,1,25,0.14109
60,126,187,1,25,0.14027
60,308,180,10,23,0.13876
60,255,183,3,29,0.13875
60,27,161,2,51,0.13773
60,17,138,1,76,0.13732
60,157,180,1,51,0.13689
60,167,175,1,51,0.13658
60,49,178,1,54,0.13592
60,117,190,1,31,0.13487
60,326,178,1,26,0.13472
60,229,183,12,28,0.13452
60,24,167,5,53,0.13421
60,119,187,1,31,0.1339
60,37,157,1,62,0.13315
60,37,150,2,52,0.13314
60,309,181,5,24,0.13248
60,128,179,1,54,0.13226
60,27,150,3,52,0.13204
60,486,158,5,90,0.13151
60,46,161,1,60,0.13128
60,136,181,1,47,0.13053
60,45,153,1,63,0.13041
60,248,184,1,28,0.13039
60,118,185,1,25,0.13035
60,257,184,1,23,0.12934
60,156,180,1,41,0.12913
60,635,173,1,72,0.12811
60,270,185,11,23,0.12773
60,39,154,2,54,0.12756
60,107,143,1,32,0.12736
60,128,183,1,26,0.12677
60,629,181,1,53,0.12655
60,336,171,1,28,0.12621
60,177,139,2,47,0.12584
60,125,176,1,29,0.12583
60,193,181,8,47,0.12555
60,257,185,13,21,0.12535
60,296,184,5,25,0.12505
60,50,166,1,49,0.12489
60,145,183,1,46,0.12461
60,50,150,13,41,0.12404
60,306,181,1,29,0.124
60,208,183,3,40,0.12399
60,615,188,1,42,0.12389
60,57,173,1,55,0.1238
60,215,180,2,40,0.12338
60,122,186,1,22,0.12308
60,305,181,16,32,0.12237
60,335,174,1,31,0.12228
60,20,131,10,55,0.12215
60,47,166,1,62,0.12201
60,55,149,1,48,0.12152
60,36,175,3,56,0.12122
60,629,179,2,56,0.12111
60,35,116,2,60,0.12054
60,121,188,1,28,0.12053
60,145,181,4,29,0.12038
60,114,134,1,27,0.12004
60,325,175,4,28,0.11997
60,11,120,23,51,0.11986
60,476,177,3,74,0.11979
60,280,185,11,23,0.11944
60,245,183,7,29,0.11925
60,195,118,1,37,0.11913
60,117,189,1,24,0.11883
60,636,173,1,76,0.11861
60,207,182,1,34,0.1186
60,205,108,1,46,0.11859
60,1,119,10,48,0.11856
60,61,176,1,45,0.11854
60,322,179,7,29,0.11846
60,58,164,3,45,0.11815
60,474,165,6,69,0.11789
60,60,172,1,44,0.11783
60,126,135,1,26,0.11768
60,147,182,2,38,0.11744
60,436,167,1,40,0.11724
60,206,100,1,47,0.11663
60,164,155,1,54,0.1166
60,180,166,11,37,0.11651
60,249,184,6,25,0.11601
60,159,179,3,49,0.11544
60,607,190,5,33,0.11503
60,435,169,1,46,0.11502
60,177,179,3,47,0.11483
60,36,133,1,51,0.11478
60,26,164,2,62,0.11441
60,145,134,21,57,0.114
60,134,187,1,32,0.11375
60,217,178,2,37,0.11357
60,105,185,6,23,0.11348
60,469,171,14,47,0.11338
60,311,182,2,28,0.11321
60,457,169,0,43,0.11292
60,359,162,16,44,0.11283
60,176,138,4,53,0.11264
60,465,176,9,35,0.11253
60,545,128,3,21,0.11219
60,617,191,4,34,0.11175
60,137,135,1,27,0.11166
60,366,162,18,47,0.11156
60,183,132,17,39,0.1113
60,173,180,7,51,0.11091
60,459,173,0,44,0.11083
60,630,186,2,45,0.11053
60,346,169,1,29,0.11042
60,44,132,1,53,0.11034
60,166,134,26,34,0.10965
60,112,141,2,26,0.10947
60,45,398,1,81,0.10936
60,194,212,7,23,0.1092
60,8,200,12,87,0.10912
60,175,174,2,57,0.10908
60,3,115,24,53,0.10897
60,274,190,6,27,0.10879
60,262,190,8,27,0.10872
60,184,213,8,21,0.10866
60,155,177,5,35,0.10847
60,295,184,2,22,0.10824
60,448,168,0,45,0.10822
60,145,136,2,26,0.10804
60,114,127,1,26,0.10786
60,111,143,3,33,0.10779
60,311,180,5,20,0.10776
60,107,188,3,32,0.10772
60,107,133,1,28,0.10771
60,36,141,3,51,0.10768
60,165,172,2,63,0.10745
60,615,190,1,36,0.10733
60,38,163,1,63,0.1073
60,100,143,11,29,0.10724
60,386,154,18,53,0.10718
60,332,172,6,30,0.10714
60,108,193,1,35,0.107
60,25,136,1,72,0.10688
60,185,130,1,33,0.10678
60,203,181,8,30,0.10673
60,615,189,5,35,0.10657
60,255,181,2,19,0.10655
60,44,150,1,53,0.10638
60,318,182,16,31,0.10634
60,154,136,2,24,0.10621
60,12,125,10,60,0.1059
60,555,184,7,33,0.10587
60,75,190,1,31,0.10576
60,16,163,1,59,0.10561
60,107,193,1,29,0.10547
60,57,170,1,67,0.10525
60,428,162,4,50,0.10509
60,2,208,25,75,0.10477
60,537,178,1,43,0.10473
60,106,147,2,36,0.1046
60,152,128,3,19,0.10455
60,24,168,2,72,0.10427
60,355,168,2,31,0.10425
60,557,177,12,50,0.10401
60,44,379,1,100,0.10394
60,544,191,3,38,0.10391
60,186,174,3,37,0.10389
60,26,110,20,61,0.10386
60,65,184,1,44,0.10384
60,45,34,1,15,0.10343
60,502,169,3,62,0.10342
60,164,124,1,21,0.10339
60,48,152,2,50,0.10325
60,141,128,8,19,0.10317
60,175,132,2,29,0.10288
60,13,161,19,33,0.10261
90,467,133,41,104,0.24101
90,49,174,12,24,0.18261
90,381,182,13,24,0.17395
90,366,179,15,26,0.17088
90,301,176,11,23,0.16944
90,386,188,23,31,0.16601
90,37,170,21,21,0.15953
90,311,175,4,24,0.15673
90,326,172,1,26,0.15485
90,387,178,14,30,0.15282
90,423,84,49,127,0.15264
90,299,178,2,24,0.15104
90,312,176,7,24,0.14796
90,270,182,9,18,0.14773
90,56,179,1,52,0.14765
90,298,179,0,21,0.1463
90,303,178,3,21,0.14595
90,285,181,2,18,0.14564
90,130,145,14,34,0.14452
90,508,162,13,52,0.14415
90,336,168,1,29,0.14407
90,31,170,4,30,0.14405
90,607,169,1,52,0.14253
90,60,173,9,26,0.14212
90,240,178,10,29,0.14017
90,398,187,15,41,0.13921
90,33,171,12,28,0.13861
90,367,168,13,27,0.13856
90,148,150,1,59,0.13789
90,636,170,0,66,0.13772
90,599,169,1,52,0.13721
90,350,167,12,25,0.13369
90,303,178,2,16,0.13323
90,55,178,1,44,0.13303
90,326,175,4,24,0.13268
90,48,175,4,36,0.13224
90,297,177,0,26,0.13193
90,358,173,15,28,0.1313
90,336,168,2,28,0.13101
90,500,167,18,37,0.13013
90,54,177,1,28,0.12927
90,449,141,3,53,0.12924
90,229,178,3,33,0.12887
90,637,133,1,103,0.12804
90,287,179,3,23,0.12755
90,195,174,5,28,0.1265
90,228,177,3,26,0.12605
90,214,177,5,25,0.12585
90,325,173,3,27,0.12583
90,64,181,1,50,0.12581
90,175,153,1,31,0.12535
90,346,168,1,29,0.12475
90,151,150,12,37,0.12451
90,128,175,1,35,0.12427
90,169,167,13,33,0.12396
90,108,128,0,33,0.12387
90,261,181,13,22,0.12377
90,494,66,18,31,0.12363
90,443,126,11,58,0.12333
90,191,169,11,25,0.12315
90,46,174,8,32,0.12286
90,314,175,2,17,0.12242
90,47,178,1,43,0.12232
90,394,166,19,47,0.12186
90,298,177,2,27,0.12155
90,636,196,0,62,0.12143
90,202,176,8,26,0.1214
90,160,157,12,38,0.12097
90,137,154,1,44,0.12078
90,147,157,1,58,0.12056
90,114,131,1,32,0.12043
90,217,200,3,24,0.11927
90,117,147,16,31,0.11912
90,429,9,11,27,0.11864
90,180,168,12,26,0.11859
90,39,182,1,39,0.11842
90,144,145,1,38,0.11825
90,84,181,5,34,0.11805
90,227,200,4,22,0.11763
90,144,149,2,40,0.11754
90,64,172,1,28,0.11724
90,325,167,3,20,0.11719
90,48,181,1,49,0.11652
90,75,180,1,49,0.11638
90,236,178,6,26,0.11625
90,93,182,6,33,0.11592
90,546,179,2,45,0.11583
90,215,181,9,31,0.11565
90,47,176,2,28,0.11548
90,185,177,1,31,0.11539
90,115,146,1,29,0.1153
90,629,181,1,48,0.11511
90,65,178,1,29,0.1151
90,542,182,12,29,0.11496
90,600,177,1,50,0.1149
90,206,200,4,23,0.1149
90,146,148,1,49,0.11487
90,484,148,15,89,0.11482
90,331,176,9,28,0.11458
90,607,179,1,48,0.11457
90,305,176,2,17,0.11454
90,27,171,1,42,0.1145
90,496,159,17,67,0.1144
90,175,171,6,39,0.1144
90,138,148,1,38,0.1144
90,248,181,12,23,0.1142
90,127,169,1,37,0.11411
90,206,179,1,28,0.11408
90,73,180,6,35,0.11371
90,77,186,1,28,0.11359
90,252,179,8,18,0.11349
90,108,138,1,30,0.11329
90,617,182,1,46,0.11324
90,32,174,2,34,0.11323
90,322,177,8,29,0.11316
90,130,173,2,41,0.11313
90,155,140,15,32,0.11311
90,176,146,1,32,0.11306
90,384,191,2,45,0.1127
90,345,168,6,26,0.11265
90,316,174,4,21,0.11256
90,311,172,7,15,0.11253
90,28,172,1,32,0.11245
90,198,179,2,30,0.11232
90,347,167,1,24,0.1122
90,50,182,1,41,0.11188
90,178,154,18,22,0.11175
90,236,179,1,33,0.11147
90,156,148,3,40,0.11139
90,144,130,4,44,0.11121
90,392,189,5,39,0.11105
90,636,191,0,59,0.11105
90,287,8,15,26,0.11102
90,35,175,1,29,0.11061
90,554,185,2,43,0.11056
90,54,176,7,39,0.11055
90,135,129,17,39,0.11044
90,29,177,1,37,0.11038
90,308,177,14,29,0.11035
90,386,156,17,42,0.11021
90,149,130,15,38,0.11008
90,38,174,5,33,0.10999
90,187,157,2,27,0.10997
90,547,195,1,46,0.10988
90,385,185,4,36,0.1096
90,223,193,9,23,0.10944
90,198,179,1,28,0.10923
90,18,171,22,23,0.10901
90,37,175,2,39,0.10897
90,135,168,5,45,0.10891
90,26,167,26,25,0.10881
90,127,156,1,38,0.10863
90,408,182,16,46,0.10859
90,96,116,1,30,0.10857
90,26,170,4,24,0.10857
90,198,181,1,32,0.10841
90,199,170,11,23,0.10834
90,312,178,2,26,0.1083
90,305,173,1,33,0.1083
90,107,124,1,32,0.10824
90,549,185,12,27,0.10806
90,453,81,5,30,0.10804
90,71,170,7,27,0.10804
90,96,57,1,22,0.10798
90,330,171,2,23,0.10787
90,502,154,23,46,0.10745
90,608,214,1,37,0.10744
90,513,156,20,43,0.10741
90,85,177,2,50,0.10737
90,555,195,1,45,0.10734
90,447,122,18,63,0.10733
90,106,147,17,31,0.10705
90,636,118,1,105,0.107
90,45,161,15,23,0.10699
90,536,163,2,41,0.10694
90,227,181,8,31,0.10676
90,353,168,4,28,0.10637
90,630,202,1,46,0.10623
90,136,158,1,51,0.10618
90,575,290,44,36,0.10601
90,535,175,2,45,0.10591
90,128,159,1,40,0.10589
90,300,178,5,27,0.10582
120,148,161,0,52,0.2582
120,146,155,1,53,0.21691
120,413,140,17,68,0.20009
120,139,148,1,60,0.19232
120,595,185,23,30,0.18974
120,453,107,43,125,0.18961
120,1,154,29,117,0.1822
120,435,182,14,39,0.18049
120,144,146,2,65,0.17553
120,140,155,1,57,0.17376
120,395,134,15,69,0.16786
120,293,174,1,27,0.16184
120,252,174,12,24,0.15942
120,292,175,1,29,0.15858
120,297,172,1,27,0.15818
120,259,171,10,27,0.15765
120,280,177,2,28,0.15668
120,316,170,1,23,0.15625
120,295,172,5,22,0.15612
120,301,172,7,29,0.15484
120,316,171,3,24,0.15419
120,225,174,2,34,0.15366
120,337,166,1,25,0.14942
120,370,148,16,44,0.14833
120,324,168,1,24,0.1477
120,321,171,1,22,0.14762
120,298,173,4,27,0.1474
120,136,145,1,43,0.14644
120,377,148,13,49,0.14608
120,587,181,24,33,0.14548
120,357,155,14,33,0.14531
120,148,165,11,35,0.14485
120,307,173,4,26,0.14441
120,302,172,2,26,0.14397
120,318,172,2,28,0.14355
120,316,172,1,26,0.14307
120,168,181,1,34,0.14217
120,290,171,1,26,0.14195
120,296,171,1,32,0.14159
120,120,135,12,31,0.14108
120,326,170,2,25,0.14039
120,142,142,11,57,0.14025
120,352,164,11,29,0.14006
120,145,142,1,52,0.13951
120,277,172,2,32,0.13776
120,555,63,2,33,0.13682
120,314,169,5,19,0.1366
120,537,146,1,39,0.1366
120,390,137,15,59,0.13512
120,289,172,1,26,0.13487
120,597,152,17,57,0.13472
120,139,140,0,59,0.13467
120,320,174,2,24,0.13439
120,201,173,0,38,0.1343
120,144,164,8,44,0.13359
120,336,163,1,22,0.13333
120,471,78,42,139,0.1327
120,303,172,3,21,0.13209
120,482,34,7,17,0.13197
120,557,164,13,35,0.13138
120,56,159,1,63,0.13111
120,245,176,9,23,0.13074
120,531,165,12,36,0.13049
120,229,176,9,30,0.13015
120,539,167,11,30,0.12992
120,496,160,17,51,0.1296
120,263,173,3,30,0.12959
120,72,145,12,32,0.12951
120,222,175,9,31,0.12938
120,297,175,3,29,0.12927
120,49,164,1,59,0.12927
120,538,162,1,39,0.12915
120,338,168,3,25,0.12904
120,602,162,8,56,0.12896
120,329,170,1,23,0.12882
120,102,70,7,17,0.12872
120,337,169,1,27,0.12851
120,168,175,0,37,0.12845
120,464,171,21,64,0.12815
120,179,179,1,35,0.12719
120,330,167,1,19,0.1267
120,326,166,1,19,0.12623
120,290,174,2,31,0.12567
120,278,175,3,31,0.12507
120,191,173,0,35,0.12454
120,344,165,2,25,0.12453
120,167,171,2,32,0.12443
120,147,143,1,36,0.12373
120,201,179,1,33,0.12305
120,529,27,10,24,0.1229
120,568,156,1,27,0.12288
120,76,145,1,29,0.12282
120,605,175,17,45,0.12279
120,66,119,1,36,0.12274
120,288,172,1,20,0.12229
120,408,124,28,76,0.12223
120,503,35,6,16,0.12175
120,115,130,7,37,0.1217
120,192,178,1,34,0.12149
120,537,153,1,38,0.12107
120,66,128,1,33,0.12065
120,315,172,5,33,0.12052
120,128,134,13,29,0.12051
120,139,162,2,47,0.12035
120,296,172,1,20,0.12034
120,120,130,18,23,0.12027
120,64,160,1,66,0.11999
120,302,173,2,30,0.11992
120,589,34,8,16,0.11964
120,199,172,1,30,0.11962
120,217,177,1,29,0.1196
120,551,167,10,31,0.1195
120,341,167,9,26,0.11919
120,191,172,1,36,0.11909
120,558,154,1,29,0.11894
120,221,174,1,37,0.11882
120,432,174,11,56,0.11878
120,489,155,15,54,0.1187
120,527,157,1,42,0.11853
120,265,174,5,26,0.11831
120,275,175,1,31,0.11831
120,207,172,2,30,0.11827
120,133,145,4,33,0.11812
120,503,154,4,44,0.11806
120,152,170,2,41,0.11763
120,449,175,12,56,0.1167
120,69,136,13,26,0.11639
120,220,175,1,30,0.11624
120,595,160,4,57,0.11583
120,166,179,1,30,0.11575
120,67,115,1,33,0.11572
120,288,169,2,20,0.11524
120,178,173,1,30,0.11516
120,12,123,10,38,0.11509
120,216,174,3,21,0.11509
120,491,35,6,15,0.11502
120,9,162,8,73,0.11489
120,77,146,12,32,0.11466
120,453,175,5,56,0.11464
120,556,70,1,31,0.11459
120,396,142,2,57,0.11458
120,418,119,36,99,0.11407
120,155,178,5,36,0.11392
120,200,168,11,17,0.11377
120,515,34,4,16,0.11368
120,66,135,3,29,0.11345
120,106,63,1,17,0.11304
120,521,35,6,27,0.11292
120,499,143,2,54,0.11265
120,539,160,3,34,0.11258
120,145,133,7,34,0.11238
120,17,134,13,38,0.11219
120,204,171,5,21,0.11212
120,590,147,1,38,0.11211
120,288,173,1,30,0.11198
120,591,152,10,58,0.11192
120,32,141,34,101,0.11175
120,551,170,24,40,0.11148
120,113,70,3,17,0.11148
120,545,151,1,33,0.11146
120,605,33,1,17,0.11143
120,300,171,4,30,0.11138
120,44,86,19,27,0.11125
120,538,170,23,37,0.11064
120,208,172,1,39,0.11055
120,93,68,5,17,0.11035
150,513,190,31,69,0.23525
150,438,127,35,97,0.23267
150,171,175,1,44,0.16014
150,218,169,1,27,0.15489
150,516,191,21,38,0.1527
150,304,166,1,25,0.15219
150,231,167,0,39,0.15186
150,287,173,1,33,0.15139
150,175,166,1,58,0.15116
150,217,171,1,33,0.151
150,304,166,5,27,0.14998
150,291,167,10,21,0.14938
150,277,174,1,33,0.14876
150,328,163,1,28,0.14842
150,522,4,48,56,0.14818
150,240,166,1,40,0.14809
150,307,167,2,32,0.14798
150,314,164,1,27,0.14782
150,326,155,1,28,0.14777
150,286,167,5,26,0.14635
150,68,170,1,44,0.14631
150,315,158,1,24,0.14582
150,166,104,0,34,0.14582
150,278,169,2,33,0.14532
150,407,145,1,61,0.14481
150,226,170,1,27,0.14453
150,452,139,17,78,0.14452
150,196,175,4,33,0.14448
150,76,176,0,36,0.1439
150,305,169,0,29,0.14307
150,86,167,1,39,0.14258
150,288,168,2,32,0.14221
150,376,136,19,65,0.14195
150,2,20,10,28,0.13988
150,90,178,1,34,0.13982
150,176,175,2,41,0.13967
150,295,168,1,30,0.13924
150,527,185,1,33,0.13906
150,120,117,14,43,0.13883
150,328,162,2,26,0.13814
150,286,170,1,28,0.13799
150,131,174,0,46,0.1372
150,150,175,1,42,0.1365
150,87,179,1,34,0.1365
150,386,141,15,62,0.13629
150,96,146,2,39,0.13617
150,266,171,3,32,0.13564
150,296,167,3,32,0.13533
150,220,169,1,37,0.13507
150,354,145,19,46,0.13463
150,176,106,1,32,0.1346
150,91,179,0,38,0.13438
150,298,168,3,25,0.13426
150,334,162,1,36,0.13412
150,335,161,1,31,0.13379
150,159,174,1,43,0.13367
150,290,169,3,24,0.13352
150,79,178,1,36,0.13346
150,314,165,3,29,0.13346
150,68,178,3,38,0.13341
150,237,171,1,27,0.1334
150,294,167,3,24,0.13325
150,316,164,3,24,0.13325
150,176,103,1,28,0.13319
150,257,173,1,41,0.13199
150,266,176,1,31,0.13198
150,112,103,9,57,0.1318
150,230,167,1,33,0.1316
150,208,168,2,33,0.13117
150,75,154,1,51,0.13098
150,220,168,1,33,0.13094
150,165,103,1,29,0.13092
150,247,170,1,42,0.13086
150,405,113,2,33,0.1307
150,139,174,1,43,0.13045
150,250,166,1,41,0.13043
150,236,170,1,42,0.13032
150,268,170,1,37,0.13007
150,276,168,4,26,0.12991
150,239,166,1,33,0.12989
150,219,166,1,30,0.12921
150,169,166,1,55,0.12914
150,85,159,1,39,0.1291
150,96,163,2,32,0.1291
150,408,135,1,67,0.12877
150,185,177,6,38,0.12873
150,349,152,15,37,0.12839
150,69,157,1,52,0.12759
150,120,174,1,43,0.12739
150,129,169,1,57,0.12721
150,66,178,0,48,0.12713
150,290,171,1,28,0.12701
150,256,174,1,27,0.12637
150,251,167,1,45,0.12628
150,123,162,6,22,0.12607
150,129,172,1,36,0.12593
150,78,172,1,34,0.12592
150,78,114,21,41,0.12579
150,334,161,6,28,0.12572
150,207,172,1,33,0.12564
150,156,103,1,35,0.12543
150,280,172,1,28,0.12507
150,89,174,1,33,0.12493
150,197,173,1,33,0.12479
150,84,109,20,63,0.12439
150,127,175,1,45,0.12408
150,194,169,7,32,0.12367
150,273,165,7,21,0.12307
150,67,169,3,40,0.12285
150,417,148,0,57,0.12279
150,76,164,3,34,0.12278
150,126,170,1,28,0.12249
150,157,100,13,28,0.12212
150,249,166,1,34,0.12182
150,51,93,12,99,0.12135
150,171,173,10,40,0.12128
150,207,165,2,29,0.12127
150,196,175,1,38,0.12118
150,238,166,1,27,0.12118
150,61,99,6,82,0.12087
150,119,158,1,31,0.12081
150,95,128,2,49,0.12078
150,228,166,1,28,0.12075
150,118,175,1,44,0.1207
150,248,172,1,27,0.12063
150,84,134,3,57,0.12061
150,315,167,1,30,0.12059
150,88,181,1,38,0.12041
150,517,187,4,36,0.12039
150,55,132,1,68,0.12033
150,256,169,3,33,0.12022
150,55,90,3,108,0.12007
150,258,168,2,39,0.12004
150,340,159,14,35,0.11966
150,34,50,1,37,0.11964
150,117,108,4,56,0.11958
150,127,182,1,32,0.11938
150,227,169,1,42,0.11922
150,186,104,1,26,0.11919
150,616,216,16,80,0.11918
150,74,125,2,79,0.11909
150,270,171,1,39,0.11898
150,263,169,6,25,0.11821
150,299,170,1,28,0.11818
150,327,164,3,36,0.11809
150,308,167,3,25,0.11794
150,136,174,1,46,0.11768
150,50,46,14,28,0.11768
150,328,165,1,32,0.11767
150,247,173,1,33,0.11739
150,350,11,10,19,0.11727
150,158,170,1,38,0.11725
150,620,227,8,101,0.11724
150,523,186,17,33,0.11723
150,417,137,0,66,0.1167
150,126,120,1,47,0.11622
150,66,176,1,41,0.11607
150,98,175,2,34,0.11579
150,94,165,6,24,0.11564
150,146,177,1,34,0.11563
150,76,113,3,60,0.11534
150,247,166,1,52,0.11534
150,277,171,1,41,0.11527
150,585,189,3,96,0.1152
150,264,172,2,27,0.11472
150,118,170,2,34,0.11465
150,87,167,1,31,0.11461
150,545,249,39,45,0.1146
150,155,170,1,53,0.11431
150,137,169,1,55,0.11426
150,81,173,1,27,0.11424
150,96,178,1,50,0.11409
150,117,175,0,33,0.11408
150,335,154,1,31,0.11373
150,58,171,1,56,0.11361
150,320,163,2,23,0.11351
150,137,169,1,29,0.1135
150,110,174,1,43,0.11324
150,520,188,5,28,0.11311
150,306,171,1,32,0.11308
150,279,169,2,23,0.11284
150,315,160,3,19,0.11272
150,127,159,1,29,0.11271
150,147,173,1,48,0.11266
150,184,174,2,39,0.11229
150,138,175,1,44,0.11221
150,417,132,1,64,0.112
150,80,181,1,27,0.11189
150,116,161,4,22,0.11184
150,97,171,1,35,0.11155
150,248,166,2,28,0.11154
150,17,10,13,28,0.11151
150,115,167,6,24,0.1114
150,106,174,1,54,0.11138
150,136,168,3,25,0.11119
150,106,170,1,28,0.11086
150,35,63,1,38,0.11079
150,301,165,8,15,0.11071
150,109,172,1,37,0.1107
150,260,168,1,43,0.11057
180,512,35,89,236,0.26368
180,415,126,27,91,0.25683
180,355,119,20,70,0.18362
180,413,170,25,50,0.16799
180,228,170,1,35,0.16677
180,227,170,1,43,0.16214
180,293,162,6,30,0.16184
180,289,159,9,25,0.15911
180,188,161,1,38,0.15907
180,446,129,0,78,0.15783
180,228,167,2,26,0.15543
180,180,160,0,41,0.15428
180,187,161,1,44,0.15421
180,538,189,60,79,0.15377
180,196,162,1,43,0.15273
180,368,128,13,62,0.15214
180,170,161,0,39,0.1505
180,230,169,1,31,0.15029
180,217,168,1,38,0.14928
180,151,164,1,35,0.14916
180,161,164,0,37,0.14862
180,160,162,0,36,0.14763
180,196,162,1,30,0.14689
180,190,160,0,43,0.14605
180,347,136,15,58,0.14573
180,147,162,1,36,0.14572
180,338,142,18,41,0.14481
180,234,166,1,56,0.14356
180,217,165,1,48,0.14309
180,178,162,1,38,0.14275
180,227,170,0,28,0.14188
180,152,166,0,35,0.1418
180,206,166,1,40,0.14057
180,447,122,1,85,0.14047
180,388,149,13,50,0.13967
180,7,119,0,40,0.13947
180,233,170,1,42,0.13946
180,177,162,1,44,0.13939
180,149,161,1,34,0.13902
180,147,159,0,31,0.13901
180,6,123,2,32,0.13689
180,394,96,1,35,0.13688
180,218,167,1,31,0.13608
180,302,157,3,26,0.13545
180,294,160,1,29,0.13523
180,206,161,1,52,0.1351
180,199,161,1,43,0.13435
180,283,160,9,24,0.13424
180,207,163,1,28,0.1337
180,221,166,0,41,0.1335
180,221,165,0,35,0.13311
180,210,162,1,38,0.13302
180,239,164,11,29,0.13159
180,295,162,7,30,0.13124
180,229,167,11,25,0.1308
180,366,122,3,67,0.1306
180,159,162,1,32,0.12992
180,250,162,12,26,0.12936
180,153,170,0,28,0.12889
180,168,163,1,36,0.12867
180,449,47,0,46,0.12853
180,167,164,1,42,0.12829
180,148,159,2,31,0.12776
180,220,163,1,31,0.12768
180,379,145,11,51,0.12707
180,370,121,5,71,0.12603
180,6,136,1,24,0.12556
180,170,158,1,28,0.12528
180,189,156,1,31,0.12516
180,356,139,2,52,0.12484
180,198,158,1,35,0.12467
180,506,149,1,48,0.12459
180,179,156,1,30,0.12422
180,286,161,1,27,0.12412
180,26,80,3,68,0.12331
180,317,157,1,27,0.12324
180,188,153,1,25,0.12295
180,295,162,1,32,0.1229
180,318,156,3,36,0.12243
180,230,167,1,40,0.12243
180,6,150,0,34,0.1224
180,187,120,1,44,0.12239
180,304,161,4,33,0.12202
180,30,158,0,34,0.12194
180,178,153,1,25,0.1215
180,48,153,1,39,0.12131
180,198,156,1,30,0.12127
180,208,158,1,29,0.12054
180,301,160,8,27,0.12032
180,218,159,1,27,0.1202
180,447,30,1,59,0.12015
180,326,155,3,37,0.11981
180,157,160,2,27,0.11952
180,177,158,1,27,0.11946
180,224,162,5,23,0.11936
180,209,160,1,33,0.11933
180,57,83,19,45,0.11903
180,374,128,3,63,0.11896
180,315,143,1,30,0.11873
180,387,99,1,32,0.11868
180,232,170,6,30,0.11864
180,145,155,4,27,0.11839
180,39,157,0,37,0.11827
180,46,159,1,46,0.11821
180,166,162,1,49,0.11785
180,245,164,1,49,0.11739
180,139,154,1,33,0.11712
180,45,145,1,31,0.11711
180,30,155,1,32,0.1171
180,168,155,1,24,0.1171
180,155,163,1,35,0.11697
180,155,162,1,29,0.11666
180,187,149,1,28,0.11637
180,226,165,1,27,0.11621
180,353,127,6,65,0.11615
180,325,158,1,33,0.11574
180,156,165,1,40,0.11562
180,515,242,3,52,0.11526
180,386,104,1,36,0.11502
180,97,144,1,41,0.11494
180,165,222,1,61,0.11446
180,40,154,1,36,0.11443
180,425,158,18,68,0.11412
180,232,169,2,28,0.11389
180,10,78,7,59,0.11346
180,257,160,12,25,0.11332
180,161,167,0,37,0.11299
180,196,153,2,25,0.11266
180,38,134,1,31,0.11217
180,176,222,1,62,0.11205
180,153,174,0,30,0.11202
180,102,90,6,56,0.11187
180,376,132,13,46,0.11174
180,56,80,1,49,0.11172
180,42,143,7,24,0.1117
180,270,159,12,24,0.11154
180,195,152,1,26,0.11149
180,88,145,1,38,0.11118
180,435,220,2,46,0.1109
180,516,148,1,49,0.11086
180,108,161,1,43,0.11085
180,6,132,0,33,0.11039
180,383,134,1,51,0.11013
180,45,152,1,31,0.1098
180,141,161,1,35,0.10967
180,21,76,15,60,0.10961
180,52,149,7,27,0.1093
180,47,159,1,39,0.10922
180,97,155,1,37,0.10915
180,222,167,1,45,0.10908
180,210,19,9,31,0.10907
180,7,159,1,43,0.10906
180,39,145,1,25,0.10882
180,328,151,16,38,0.10879
180,207,153,2,25,0.10871
180,228,160,14,23,0.10858
180,7,105,1,51,0.10855
180,49,159,1,33,0.10845
180,172,161,1,25,0.10827
180,498,245,35,28,0.10824
180,433,10,9,30,0.1082
180,168,160,1,25,0.10816
180,67,162,1,39,0.10805
180,547,9,16,33,0.10801
180,324,155,1,41,0.10792
180,137,148,2,33,0.10791
180,65,133,2,40,0.10759
180,75,162,1,38,0.10749
180,569,171,8,103,0.10746
180,105,130,19,43,0.10736
180,445,219,2,46,0.10723
180,207,158,1,28,0.10718
180,60,146,12,29,0.10718
180,39,148,1,26,0.10712
180,435,63,2,30,0.10703
180,87,136,1,41,0.10679
180,40,163,1,36,0.10677
180,217,157,1,28,0.10674
180,274,161,4,27,0.10672
180,80,138,11,27,0.10669
180,185,220,1,64,0.10659
180,66,147,1,35,0.10637
180,20,159,0,42,0.10633
180,147,165,1,43,0.10592
180,64,75,18,40,0.10585
180,445,11,1,83,0.10582
180,76,135,2,41,0.10559
180,173,163,1,29,0.10536
180,164,164,1,28,0.10526
180,91,139,10,28,0.10514
180,46,128,1,40,0.10513
180,71,158,29,63,0.10502
180,536,137,1,73,0.10494
180,114,146,3,44,0.10482
180,303,162,1,29,0.10477
180,56,158,1,48,0.10458
180,162,162,1,25,0.10456
210,488,125,54,133,0.36381
210,356,140,20,56,0.21318
210,384,132,19,74,0.17604
210,378,133,15,70,0.17104
210,301,169,4,30,0.17074
210,172,165,1,42,0.16673
210,363,123,19,81,0.16339
210,130,169,0,38,0.16052
210,466,60,90,206,0.16036
210,353,152,13,42,0.15712
210,117,173,2,33,0.15593
210,160,165,1,39,0.15509
210,296,168,3,28,0.15497
210,150,165,1,38,0.15493
210,305,165,3,34,0.15386
210,141,167,0,37,0.15244
210,391,132,5,73,0.15242
210,26,92,0,48,0.15228
210,407,137,39,83,0.15167
210,260,165,12,23,0.15154
210,424,156,14,57,0.15023
210,89,139,0,57,0.14648
210,290,165,10,24,0.14647
210,292,165,4,27,0.14499
210,241,165,11,24,0.14492
210,301,170,2,27,0.14436
210,282,164,11,24,0.14272
210,356,152,3,47,0.14203
210,286,165,1,30,0.14193
210,174,165,3,49,0.14004
210,348,144,17,37,0.13861
210,227,166,14,27,0.13818
210,328,161,12,36,0.138
210,249,167,13,25,0.13734
210,295,167,1,30,0.13671
210,128,169,1,42,0.13621
210,296,168,1,31,0.13573
210,366,137,4,61,0.13541
210,305,164,1,28,0.13515
210,102,171,12,31,0.13466
210,327,160,1,24,0.13444
210,537,288,33,30,0.13357
210,171,163,1,39,0.13303
210,328,165,1,27,0.13282
210,384,132,6,70,0.13242
210,25,113,7,37,0.1317
210,607,191,0,79,0.13098
210,469,34,9,28,0.13067
210,474,203,3,78,0.13056
210,270,165,11,23,0.13053
210,88,135,0,52,0.13022
210,196,157,4,41,0.12925
210,113,174,6,28,0.12905
210,358,151,2,41,0.12835
210,129,170,1,32,0.12825
210,283,166,5,25,0.12813
210,177,171,1,37,0.12785
210,316,160,1,23,0.12778
210,497,186,16,88,0.1271
210,159,161,1,31,0.12686
210,224,164,11,27,0.12526
210,332,164,1,35,0.1252
210,149,168,1,39,0.12485
210,243,168,5,23,0.12484
210,157,165,1,27,0.12482
210,168,164,1,46,0.12444
210,204,159,1,42,0.12383
210,28,95,2,39,0.12381
210,168,170,1,35,0.12376
210,339,155,13,40,0.1236
210,156,168,1,37,0.1232
210,328,167,1,31,0.12317
210,317,165,1,27,0.12304
210,168,161,2,32,0.12263
210,196,155,13,42,0.1218
210,120,168,1,42,0.12175
210,89,161,1,48,0.12125
210,90,157,1,49,0.12119
210,397,142,13,54,0.12111
210,186,159,3,36,0.12089
210,333,163,1,29,0.11945
210,183,162,4,42,0.1193
210,264,171,5,28,0.11929
210,107,171,14,25,0.11898
210,273,166,4,28,0.11892
210,318,163,1,35,0.11891
210,284,170,6,26,0.11884
210,329,160,2,35,0.11872
210,254,170,7,28,0.11866
210,278,180,2,28,0.11858
210,335,159,1,24,0.11844
210,298,164,5,27,0.11821
210,57,64,16,22,0.11817
210,351,117,48,85,0.11786
210,186,165,1,41,0.11751
210,495,116,3,104,0.11743
210,26,109,20,39,0.11734
210,96,167,1,38,0.11716
210,497,185,2,84,0.11711
210,276,170,5,27,0.11681
210,288,179,2,27,0.11641
210,486,224,2,62,0.11613
210,422,146,10,57,0.11606
210,325,165,7,37,0.11604
210,89,69,1,25,0.11482
210,198,158,1,41,0.11474
210,121,172,2,33,0.11469
210,251,164,9,20,0.11421
210,257,180,2,28,0.11384
210,138,170,1,30,0.11336
210,546,263,1,58,0.11328
210,127,166,2,29,0.11324
210,126,170,0,30,0.11319
210,318,159,1,19,0.11307
210,268,180,1,28,0.11295
210,250,190,1,35,0.11284
210,157,166,1,33,0.11281
210,26,115,1,43,0.11278
210,27,90,0,45,0.11273
210,536,274,17,34,0.1127
210,305,159,1,23,0.1123
210,117,173,1,35,0.11224
210,170,167,2,45,0.1122
210,495,190,4,84,0.11215
210,25,93,0,53,0.11188
210,616,151,1,80,0.11169
210,498,176,1,90,0.11168
210,250,197,1,46,0.11157
210,248,179,2,28,0.11154
210,528,281,36,30,0.11148
210,122,176,1,33,0.11131
210,148,165,0,25,0.11115
210,627,49,2,138,0.11102
210,239,190,1,32,0.11051
210,67,64,13,23,0.11049
210,15,95,12,28,0.11035
210,328,161,2,26,0.11031
210,147,167,1,38,0.11029
210,415,143,3,52,0.11008
210,28,92,15,42,0.11007
210,299,167,11,30,0.10993
210,327,158,2,21,0.10972
210,415,62,1,38,0.10948
210,467,123,1,84,0.10922
210,228,165,3,30,0.109
210,487,204,36,58,0.10863
210,36,117,1,40,0.10863
210,240,198,1,43,0.10839
210,392,123,5,52,0.10827
210,260,189,1,38,0.10815
210,458,150,2,48,0.10809
210,406,71,1,38,0.10791
210,291,172,3,23,0.10717
210,230,164,15,23,0.10714
240,408,116,38,100,0.32575
240,489,138,43,111,0.32053
240,337,169,13,34,0.21903
240,370,153,12,47,0.20808
240,179,155,1,49,0.19709
240,185,153,1,42,0.17093
240,268,169,14,23,0.16587
240,341,169,4,30,0.16493
240,182,162,1,41,0.16309
240,385,135,25,73,0.16227
240,363,161,11,37,0.16177
240,309,167,0,33,0.15998
240,185,156,1,47,0.15958
240,296,169,5,25,0.15832
240,178,160,1,46,0.1543
240,319,163,1,37,0.15403
240,339,165,2,30,0.15106
240,330,163,1,39,0.15062
240,338,165,1,27,0.14987
240,135,170,15,34,0.14964
240,173,173,1,32,0.14934
240,340,168,1,35,0.14911
240,187,161,1,43,0.14781
240,262,169,12,23,0.14706
240,349,161,12,36,0.14705
240,307,166,2,28,0.14492
240,329,163,1,31,0.14401
240,39,181,1,39,0.14136
240,310,167,1,27,0.14124
240,318,163,1,31,0.13966
240,60,176,0,38,0.13936
240,180,172,5,34,0.13897
240,50,178,0,39,0.13837
240,179,167,2,36,0.13735
240,165,160,1,46,0.13719
240,316,164,1,26,0.13708
240,327,164,1,27,0.13675
240,336,159,1,25,0.13639
240,465,226,52,52,0.13599
240,374,147,5,50,0.13584
240,24,188,7,32,0.13532
240,38,187,1,41,0.13466
240,304,166,2,24,0.13462
240,107,136,1,32,0.13413
240,46,179,1,47,0.13237
240,344,165,1,28,0.13223
240,109,161,1,31,0.13221
240,320,166,1,27,0.13197
240,312,166,2,22,0.13165
240,280,170,10,18,0.13045
240,167,161,3,40,0.13024
240,320,164,1,23,0.12958
240,337,164,2,41,0.12907
240,296,172,1,25,0.12902
240,300,170,3,23,0.12785
240,365,144,19,44,0.12739
240,219,168,14,28,0.12735
240,201,155,11,42,0.12724
240,20,186,15,29,0.12625
240,338,164,2,24,0.12578
240,300,173,2,25,0.12472
240,49,177,0,35,0.12466
240,375,156,16,50,0.12462
240,400,119,4,91,0.12451
240,108,158,3,30,0.12442
240,329,162,1,25,0.12436
240,250,171,10,26,0.12436
240,88,165,1,35,0.12412
240,478,130,1,76,0.12396
240,327,160,1,23,0.12356
240,240,167,12,21,0.12326
240,333,167,1,32,0.12319
240,70,170,0,37,0.12289
240,366,159,3,37,0.1224
240,180,212,1,43,0.12234
240,175,172,6,32,0.12225
240,330,163,1,23,0.12219
240,152,172,8,33,0.1214
240,297,171,2,25,0.1209
240,89,163,1,42,0.12033
240,287,168,7,24,0.12012
240,98,163,1,28,0.11977
240,295,178,5,23,0.11933
240,286,175,5,22,0.11927
240,210,170,11,25,0.11926
240,253,170,5,20,0.11918
240,315,159,1,23,0.1191
240,37,180,1,36,0.11896
240,328,159,1,20,0.11876
240,38,188,1,49,0.11858
240,160,156,10,39,0.11855
240,170,211,1,43,0.11853
240,181,166,8,39,0.11813
240,231,170,13,23,0.11799
240,284,173,1,24,0.11769
240,47,182,1,38,0.11764
240,637,159,0,81,0.11701
240,353,164,3,33,0.11692
240,169,167,2,35,0.11687
240,78,167,1,32,0.11644
240,376,20,1,28,0.11638
240,108,160,1,38,0.11628
240,108,159,12,31,0.11624
240,212,168,16,25,0.11593
240,327,167,1,37,0.11583
240,255,179,4,27,0.11543
240,37,188,1,34,0.11515
240,80,164,0,38,0.11463
240,114,160,2,40,0.11452
240,307,161,1,22,0.11437
240,245,178,5,26,0.11399
240,311,170,1,29,0.11375
240,179,207,1,35,0.11325
240,210,176,18,27,0.11325
240,114,140,1,29,0.113
240,88,164,0,27,0.11239
240,56,175,1,51,0.11209
240,386,138,2,66,0.11191
240,297,171,1,30,0.11184
240,333,164,9,45,0.11181
240,316,159,2,19,0.1117
240,394,160,18,48,0.11144
240,336,158,2,20,0.11134
240,306,169,1,29,0.11104
240,82,65,10,20,0.111
240,70,173,0,41,0.11071
240,103,162,12,60,0.11066
240,376,143,2,46,0.11064
240,234,178,6,24,0.11062
240,77,165,0,27,0.11049
240,251,166,8,18,0.11045
240,70,167,1,34,0.11028
240,615,163,1,62,0.11022
240,345,185,1,62,0.11012
240,67,171,1,28,0.10999
240,188,207,1,36,0.10994
240,78,63,1,31,0.10963
240,87,166,1,46,0.10952
240,301,167,3,21,0.10952
240,297,165,1,19,0.10946
240,316,167,1,38,0.1094
240,99,160,1,27,0.10925
240,78,159,1,26,0.10902
240,189,213,1,43,0.10851
240,306,172,4,26,0.10829
240,48,180,1,34,0.1081
240,260,166,8,18,0.10778
240,384,18,2,29,0.10777
240,354,156,2,30,0.10746
240,181,165,1,31,0.10696
240,341,163,8,25,0.10679
240,334,166,21,25,0.10669
240,1,7,7,22,0.10645
240,98,133,1,35,0.10641
240,307,170,1,33,0.10634
240,97,161,1,24,0.10629
240,99,163,1,48,0.10624
240,341,180,8,36,0.1062
270,465,102,53,146,0.5022
270,372,135,21,67,0.34479
270,389,136,14,68,0.23604
270,119,160,1,47,0.20182
270,115,152,6,44,0.17614
270,80,184,12,23,0.17595
270,86,181,13,25,0.17287
270,100,169,10,31,0.17204
270,365,146,2,39,0.17134
270,426,134,1,62,0.17118
270,349,155,16,47,0.17039
270,120,164,1,44,0.16969
270,134,152,9,42,0.1674
270,359,148,11,46,0.16602
270,117,156,1,44,0.16506
270,147,160,1,46,0.16481
270,462,205,53,56,0.16375
270,338,157,1,26,0.16054
270,289,163,1,27,0.16053
270,70,182,12,26,0.15967
270,424,131,5,71,0.15861
270,328,158,1,25,0.15422
270,343,164,6,39,0.15421
270,299,160,1,33,0.15412
270,310,163,0,41,0.14963
270,298,162,1,26,0.14935
270,155,165,0,40,0.14933
270,395,136,14,64,0.14815
270,345,157,1,27,0.14761
270,290,160,1,36,0.1475
270,346,159,3,38,0.14687
270,344,161,1,31,0.14664
270,310,161,1,39,0.14647
270,287,164,1,26,0.14514
270,344,162,1,35,0.14449
270,123,156,1,52,0.14444
270,291,163,1,28,0.14414
270,296,163,0,27,0.143
270,300,160,1,38,0.14292
270,338,162,1,29,0.14255
270,305,163,1,29,0.14138
270,467,168,18,83,0.14133
270,450,53,84,218,0.14094
270,364,139,28,40,0.14019
270,139,162,3,45,0.13961
270,272,163,7,25,0.1394
270,316,160,1,24,0.1392
270,144,153,5,44,0.13872
270,407,134,39,88,0.13801
270,337,171,15,32,0.13791
270,138,157,1,47,0.13762
270,51,179,13,30,0.13567
270,111,146,12,44,0.13503
270,354,151,9,41,0.13372
270,341,163,2,40,0.13368
270,308,160,2,34,0.13317
270,64,178,7,27,0.13199
270,260,164,13,23,0.13191
270,107,130,17,48,0.13148
270,280,162,3,25,0.13141
270,356,152,1,44,0.13137
270,297,163,1,22,0.13127
270,86,168,14,27,0.13125
270,396,136,4,60,0.13097
270,183,184,5,25,0.13087
270,136,157,2,49,0.13065
270,329,157,1,23,0.13058
270,288,163,1,20,0.13053
270,146,160,2,49,0.13029
270,65,184,3,27,0.12973
270,124,158,1,52,0.12954
270,306,161,2,26,0.12945
270,425,139,14,64,0.12894
270,300,167,1,35,0.12873
270,289,165,1,31,0.12865
270,397,134,2,50,0.12865
270,342,162,1,42,0.1285
270,337,161,1,45,0.12849
270,297,165,0,32,0.1284
270,338,165,1,40,0.12823
270,319,160,1,41,0.12822
270,337,153,2,18,0.12749
270,286,164,1,21,0.12667
270,226,179,1,52,0.12657
270,305,162,1,23,0.12638
270,79,170,15,26,0.12638
270,216,183,1,47,0.12624
270,470,196,12,75,0.12624
270,415,136,20,68,0.12612
270,104,172,2,33,0.12479
270,65,184,10,23,0.12467
270,377,163,2,62,0.12447
270,277,163,4,28,0.12444
270,186,192,2,26,0.12391
270,473,137,9,120,0.1237
270,328,154,1,17,0.12352
270,337,154,0,22,0.12285
270,306,165,1,34,0.12206
270,159,163,13,28,0.12196
270,319,161,1,44,0.12184
270,148,151,14,37,0.12142
270,130,131,13,42,0.12131
270,138,164,3,42,0.12127
270,246,185,1,50,0.12114
270,340,160,2,35,0.12111
270,175,165,21,25,0.12079
270,346,154,3,25,0.12075
270,155,154,1,37,0.12043
270,482,47,4,97,0.12021
270,309,162,2,25,0.12017
270,366,144,1,34,0.11999
270,197,187,2,29,0.11954
270,306,165,1,40,0.11943
270,281,2,7,31,0.11911
270,120,157,8,47,0.11909
270,318,157,1,22,0.11884
270,235,179,1,53,0.11855
270,464,173,7,71,0.11849
270,388,176,15,33,0.1184
270,366,152,19,50,0.11804
270,44,170,8,39,0.11777
270,363,152,8,62,0.11775
270,330,161,1,41,0.11768
270,266,162,11,29,0.11745
270,371,137,10,49,0.11732
270,307,162,1,51,0.1171
270,292,162,1,18,0.11707
270,83,191,8,13,0.11683
270,344,150,5,20,0.11657
270,480,206,10,77,0.11608
270,145,148,1,46,0.11586
270,303,37,18,26,0.11536
270,114,103,3,69,0.11484
270,339,158,1,29,0.11478
270,199,194,1,31,0.11471
270,307,163,1,47,0.11469
270,165,24,2,20,0.11464
270,345,175,1,78,0.11459
270,327,154,1,21,0.11453
270,336,170,7,36,0.11447
270,381,171,10,47,0.11406
270,176,190,4,23,0.11373
270,376,164,20,42,0.11325
270,431,139,4,61,0.11321
270,224,45,5,17,0.11292
270,303,165,1,35,0.11248
270,292,167,1,31,0.11245
270,93,191,8,14,0.11199
270,314,38,18,25,0.11152
270,476,196,20,70,0.11137
270,141,146,9,44,0.11128
270,137,153,3,49,0.11124
270,210,195,1,35,0.11095
270,409,140,15,71,0.1108
270,116,100,1,65,0.11072
270,95,203,5,15,0.1105
270,329,159,1,35,0.11029
300,447,89,55,144,0.4411
300,385,125,25,77,0.401
300,3,190,17,25,0.2075
300,48,131,1,58,0.19284
300,28,179,10,37,0.18062
300,38,170,16,50,0.17563
300,110,179,12,23,0.17529
300,47,120,1,61,0.17504
300,424,136,1,69,0.17297
300,44,172,4,52,0.17257
300,422,120,2,85,0.1707
300,24,184,11,30,0.1672
300,390,130,12,80,0.16649
300,47,132,1,67,0.16561
300,409,120,16,79,0.16105
300,317,157,1,26,0.16053
300,328,155,0,27,0.1602
300,6,192,9,29,0.15957
300,3,186,3,38,0.15876
300,300,161,1,38,0.15865
300,423,146,1,57,0.15832
300,338,155,0,28,0.15771
300,422,145,5,69,0.15747
300,278,163,2,32,0.15635
300,418,137,1,66,0.15356
300,179,165,10,25,0.1513
300,298,161,2,33,0.14965
300,141,168,13,27,0.14828
300,13,97,22,98,0.14716
300,304,159,1,26,0.14711
300,160,198,0,39,0.14687
300,317,158,0,32,0.14639
300,149,193,1,31,0.14637
300,289,162,1,31,0.14618
300,276,162,3,27,0.14469
300,174,169,7,22,0.14406
300,46,105,1,73,0.1419
300,483,117,2,90,0.14122
300,294,161,6,27,0.14075
300,137,189,1,24,0.13999
300,507,37,5,29,0.13958
300,171,199,0,41,0.13881
300,30,179,3,41,0.13861
300,28,164,2,35,0.13826
300,346,155,0,28,0.13813
300,355,151,1,26,0.13802
300,328,158,1,32,0.13785
300,346,162,1,42,0.13784
300,354,154,1,30,0.13709
300,261,151,6,25,0.13696
300,296,166,1,33,0.13667
300,329,154,1,25,0.13659
300,54,136,0,40,0.13609
300,337,154,1,21,0.13504
300,318,155,1,25,0.13468
300,287,163,2,26,0.13414
300,67,141,15,27,0.13406
300,46,133,3,49,0.13394
300,441,137,12,63,0.13392
300,346,153,1,23,0.13384
300,296,159,1,26,0.13359
300,345,159,1,51,0.13355
300,349,162,1,39,0.1334
300,279,166,1,27,0.13309
300,327,154,1,20,0.1327
300,45,99,1,68,0.13252
300,306,158,3,29,0.13248
300,277,170,1,28,0.13244
300,309,159,1,41,0.13225
300,309,160,1,43,0.1322
300,328,152,1,19,0.13203
300,36,118,1,74,0.13198
300,509,40,0,30,0.13108
300,338,152,1,19,0.13104
300,149,168,11,32,0.13097
300,393,153,5,64,0.13081
300,329,155,1,31,0.1307
300,365,142,1,36,0.13064
300,291,163,1,30,0.13061
300,296,162,1,29,0.13059
300,189,161,12,28,0.13049
300,341,160,0,40,0.13032
300,29,178,1,34,0.13023
300,290,164,1,35,0.12958
300,46,167,15,50,0.12954
300,181,200,0,42,0.12905
300,94,169,1,44,0.12904
300,22,109,6,87,0.12897
300,382,135,6,56,0.12896
300,273,158,6,23,0.12849
300,378,137,15,63,0.12848
300,35,106,1,80,0.12839
300,274,160,2,24,0.1278
300,373,135,7,59,0.12777
300,52,139,0,45,0.12734
300,106,180,13,28,0.12722
300,275,165,1,27,0.12709
300,176,166,3,33,0.12708
300,395,166,3,63,0.12697
300,88,158,1,51,0.126
300,190,200,0,43,0.12556
300,117,185,13,20,0.12512
300,342,161,0,44,0.12507
300,419,147,12,68,0.12484
300,265,160,6,27,0.12476
300,320,156,1,38,0.12464
300,160,203,1,43,0.12444
300,308,158,1,36,0.12438
300,423,120,4,70,0.12425
300,338,158,1,54,0.12409
300,335,176,22,29,0.12394
300,170,172,16,24,0.12379
300,55,125,0,45,0.1237
300,89,158,2,54,0.12342
300,356,158,2,37,0.12331
300,355,163,2,37,0.12326
300,514,38,1,31,0.12295
300,143,181,8,24,0.12221
300,186,199,1,52,0.12218
300,81,138,8,37,0.12216
300,330,157,1,41,0.12215
300,305,163,1,36,0.12173
300,346,161,1,35,0.12151
300,317,153,2,18,0.12148
300,412,154,11,65,0.12145
300,346,174,16,31,0.12129
300,28,183,2,43,0.12122
300,53,142,1,53,0.12116
300,183,165,9,22,0.12061
300,60,158,11,57,0.12028
300,337,162,1,43,0.12024
300,332,14,6,29,0.12017
300,37,119,1,82,0.12014
300,297,164,1,42,0.11977
300,4,185,4,30,0.11971
300,340,155,1,32,0.11951
300,32,178,3,45,0.11897
300,147,183,1,30,0.11888
300,87,150,1,39,0.11865
300,306,161,1,45,0.11862
300,258,177,2,30,0.11847
300,299,167,1,34,0.11832
300,354,148,6,25,0.11814
300,258,156,13,24,0.11794
300,264,162,3,28,0.11763
300,260,186,1,35,0.11725
300,95,166,1,42,0.11715
300,507,33,1,18,0.11699
300,104,174,10,26,0.11686
300,176,199,1,52,0.11612
300,346,152,3,19,0.11578
300,287,159,1,25,0.11574
300,345,169,4,31,0.11561
300,322,155,1,23,0.11547
300,44,116,4,51,0.11544
300,507,40,13,21,0.11534
300,513,41,1,22,0.11514
300,196,198,1,53,0.11499
300,28,163,8,42,0.11493
300,437,54,1,34,0.11462
300,278,159,3,21,0.11421
300,451,145,11,70,0.11401
300,387,165,17,47,0.11394
300,322,10,6,31,0.11376
300,422,58,87,208,0.11369
300,236,185,1,48,0.11364
300,479,123,10,100,0.1136
300,206,180,2,43,0.11357
300,347,166,3,38,0.11351
300,428,149,14,50,0.11342
300,296,159,5,21,0.11329
300,144,181,1,30,0.11283
300,138,196,1,28,0.11283
300,55,154,2,56,0.11256
330,525,0,114,298,0.636
330,435,117,34,111,0.2044
330,38,170,13,42,0.19338
330,465,125,2,83,0.18616
330,261,156,1,43,0.17342
330,452,118,6,97,0.16615
330,283,164,1,35,0.16549
330,447,101,13,117,0.16402
330,467,159,1,75,0.15827
330,289,162,1,39,0.15812
330,433,134,4,91,0.15783
330,31,171,14,37,0.15773
330,281,159,1,44,0.15695
330,556,252,34,52,0.15687
330,278,162,1,43,0.15446
330,438,156,17,79,0.15443
330,289,163,1,42,0.15331
330,367,152,1,32,0.1528
330,260,156,1,40,0.15247
330,395,183,1,61,0.15218
330,51,168,12,43,0.15165
330,251,154,0,42,0.1511
330,427,163,1,69,0.15083
330,476,163,1,70,0.1504
330,269,157,1,44,0.1496
330,159,154,14,42,0.14948
330,57,172,14,40,0.14943
330,256,159,1,32,0.14827
330,561,241,36,44,0.1465
330,285,166,1,40,0.14643
330,297,163,1,35,0.14628
330,419,184,1,57,0.1462
330,337,166,1,46,0.14607
330,406,183,1,59,0.14575
330,250,156,1,43,0.14567
330,248,162,0,29,0.14396
330,420,124,11,69,0.14347
330,310,162,1,43,0.14329
330,280,160,2,36,0.14319
330,328,157,1,26,0.1423
330,425,184,1,63,0.14205
330,376,149,1,35,0.14197
330,367,148,0,28,0.14197
330,338,167,0,37,0.14169
330,386,186,1,57,0.14101
330,341,167,1,44,0.14065
330,215,166,2,24,0.13994
330,286,162,3,33,0.13989
330,307,159,1,31,0.13972
330,337,159,2,28,0.13958
330,257,159,1,38,0.13954
330,300,163,1,42,0.13943
330,300,162,1,38,0.1392
330,340,166,1,37,0.13917
330,517,259,36,31,0.13875
330,260,159,1,41,0.13875
330,248,161,1,36,0.13871
330,542,263,47,61,0.13853
330,443,151,7,83,0.1384
330,297,159,2,29,0.13837
330,338,166,12,27,0.13757
330,430,163,9,76,0.13756
330,463,118,2,87,0.13751
330,320,161,1,44,0.13734
330,337,156,1,27,0.13727
330,283,160,5,27,0.13723
330,115,160,14,37,0.13646
330,339,162,1,31,0.1359
330,105,36,3,12,0.1357
330,467,175,1,64,0.13564
330,306,157,1,26,0.13532
330,426,176,1,62,0.13477
330,474,140,1,63,0.13462
330,377,144,0,32,0.13445
330,338,172,17,40,0.13435
330,298,162,1,32,0.13427
330,248,155,1,34,0.13421
330,277,158,3,29,0.13408
330,98,31,1,16,0.13401
330,318,158,1,33,0.13341
330,296,161,1,30,0.13303
330,356,156,1,28,0.13294
330,419,165,13,50,0.13264
330,236,158,5,29,0.13232
330,246,154,3,26,0.13224
330,255,155,1,28,0.13196
330,229,159,12,35,0.13187
330,466,151,2,77,0.13172
330,383,153,7,34,0.13168
330,42,174,26,39,0.13146
330,251,158,0,28,0.13135
330,317,157,1,25,0.13118
330,284,170,5,41,0.13096
330,329,159,1,31,0.13088
330,338,166,1,31,0.13041
330,335,155,4,23,0.12979
330,377,181,1,61,0.12973
330,299,163,1,46,0.12972
330,216,161,4,31,0.12947
330,449,164,13,68,0.12929
330,265,161,1,37,0.12905
330,272,163,1,38,0.1285
330,277,173,1,72,0.12849
330,337,161,1,30,0.1284
330,266,153,2,25,0.1282
330,421,172,1,61,0.12788
330,350,161,10,34,0.12785
330,216,164,1,31,0.12774
330,197,157,1,32,0.12772
330,439,96,15,114,0.12701
330,259,155,1,33,0.12698
330,342,168,2,36,0.12687
330,384,150,1,35,0.12685
330,256,184,1,70,0.1268
330,285,173,1,72,0.12665
330,366,188,1,66,0.12638
330,268,156,1,32,0.12599
330,256,154,2,26,0.12561
330,377,154,1,38,0.12539
330,478,112,1,47,0.12505
330,330,162,0,45,0.12495
330,307,161,1,51,0.12483
330,274,153,5,25,0.12456
330,20,178,14,33,0.12448
330,233,161,5,33,0.12413
330,281,163,1,31,0.12411
330,418,195,1,57,0.12408
330,287,162,1,52,0.12394
330,309,157,1,29,0.12385
330,251,163,1,31,0.12374
330,428,131,12,80,0.12299
330,226,193,1,45,0.12264
330,386,171,2,53,0.1224
330,343,157,1,26,0.12228
330,84,27,3,21,0.12215
330,485,169,1,63,0.12205
330,328,154,1,25,0.12195
330,296,163,1,49,0.12144
330,246,156,1,27,0.12143
330,475,127,1,51,0.1214
330,283,166,3,61,0.1213
330,266,183,1,72,0.12119
330,286,164,1,47,0.12117
330,364,186,5,39,0.12106
330,348,183,12,38,0.12075
330,330,157,1,30,0.12053
330,107,165,14,35,0.12022
330,383,178,8,31,0.12011
330,476,176,1,67,0.12011
330,326,153,1,22,0.11997
330,214,160,4,23,0.11985
330,253,157,1,28,0.11982
330,236,192,1,47,0.11979
330,309,159,1,34,0.11938
330,448,108,16,53,0.11936
330,46,380,1,92,0.11915
330,396,136,1,50,0.11912
330,374,148,7,33,0.11903
330,210,160,2,29,0.11901
330,439,107,12,65,0.11897
330,336,163,1,54,0.11892
330,111,204,0,33,0.11874
330,166,176,16,29,0.1187
330,446,135,2,92,0.11781
330,476,244,2,53,0.11736
330,257,156,1,47,0.11702
330,205,158,6,21,0.11693
330,276,160,2,55,0.11678
330,319,156,1,30,0.11677
330,257,180,1,61,0.1165
330,540,262,28,45,0.11625
330,438,109,0,57,0.11559
330,100,214,0,38,0.11556
330,592,13,4,64,0.11548
330,76,203,3,21,0.11525
330,589,239,9,56,0.11519
330,417,38,1,22,0.11501
330,120,205,0,34,0.11499
330,198,154,2,25,0.11489
330,477,118,1,55,0.11451
330,121,209,0,39,0.1144
330,327,163,1,49,0.1144
330,384,151,2,41,0.11415
330,584,0,4,58,0.11398
330,318,153,1,25,0.11395
330,230,201,0,37,0.11389
330,376,190,2,36,0.11381
330,343,167,1,30,0.11381
330,364,156,5,41,0.11378
330,266,156,1,27,0.11356
360,472,24,89,249,0.42756
360,440,153,13,54,0.20846
360,367,153,1,31,0.19292
360,106,149,1,69,0.19066
360,589,318,35,31,0.18762
360,83,167,6,45,0.17915
360,588,111,15,79,0.17843
360,77,166,16,40,0.17426
360,87,160,13,41,0.17228
360,416,149,0,42,0.16807
360,376,155,1,29,0.16329
360,347,165,1,55,0.16267
360,80,180,0,36,0.16016
360,277,165,1,34,0.15913
360,390,159,13,30,0.15869
360,576,312,38,31,0.15714
360,377,153,1,24,0.15706
360,278,163,3,37,0.1556
360,272,162,10,25,0.15488
360,406,152,3,36,0.15484
360,311,163,1,46,0.15359
360,407,153,1,37,0.15323
360,418,149,3,42,0.15154
360,416,153,0,33,0.15051
360,320,164,1,47,0.15026
360,384,160,1,25,0.14878
360,92,162,2,47,0.14835
360,208,147,3,50,0.14674
360,84,169,1,45,0.14666
360,357,156,1,28,0.14504
360,596,126,2,74,0.14395
360,266,164,1,34,0.14387
360,61,214,0,37,0.14365
360,347,167,1,37,0.1435
360,351,169,1,48,0.1424
360,216,155,1,57,0.14228
360,616,181,1,56,0.14118
360,353,260,6,43,0.14001
360,79,173,0,37,0.13985
360,256,156,1,27,0.13865
360,79,173,3,37,0.13858
360,248,153,2,26,0.13848
360,115,149,1,68,0.13841
360,627,173,1,93,0.13835
360,337,166,1,46,0.13825
360,454,150,1,56,0.1381
360,637,171,1,97,0.13779
360,606,189,1,46,0.13751
360,301,163,1,46,0.13743
360,406,156,2,28,0.13726
360,330,165,1,48,0.13694
360,341,167,1,48,0.13623
360,254,155,4,24,0.13593
360,283,164,1,36,0.13574
360,269,162,1,41,0.13564
360,349,165,1,38,0.13553
360,230,153,0,45,0.13515
360,51,214,0,37,0.13501
360,368,152,0,25,0.13482
360,22,198,10,19,0.13465
360,265,163,1,28,0.13417
360,217,153,1,53,0.13408
360,239,153,1,28,0.13387
360,344,162,1,30,0.13366
360,408,146,1,30,0.13355
360,417,149,12,37,0.1335
360,337,160,1,31,0.13325
360,414,147,0,30,0.13311
360,248,155,1,27,0.1329
360,266,162,3,27,0.1327
360,344,158,1,26,0.13221
360,287,162,2,39,0.13207
360,300,162,1,44,0.13206
360,289,163,1,43,0.132
360,280,161,8,27,0.13144
360,409,150,2,30,0.13069
360,546,174,1,81,0.13067
360,240,154,1,43,0.13066
360,575,306,18,37,0.13047
360,67,203,1,33,0.13034
360,210,152,10,28,0.1303
360,361,259,9,44,0.13029
360,353,165,1,51,0.13018
360,284,167,1,39,0.12992
360,385,156,1,41,0.12968
360,545,173,1,71,0.12965
360,268,162,2,34,0.12953
360,71,213,0,37,0.12953
360,564,304,39,31,0.12951
360,415,147,0,50,0.12946
360,466,128,1,49,0.12942
360,328,159,1,32,0.1292
360,628,175,1,85,0.12847
360,104,151,3,65,0.12843
360,596,195,1,49,0.12827
360,497,132,2,75,0.12825
360,256,158,1,32,0.12799
360,77,197,2,33,0.12768
360,219,151,1,48,0.12731
360,469,81,1,18,0.12729
360,308,159,1,32,0.12727
360,254,153,1,25,0.12725
360,207,156,1,54,0.12684
360,296,159,1,25,0.12676
360,230,150,1,41,0.12642
360,617,185,1,65,0.12641
360,593,303,5,52,0.12603
360,368,149,2,34,0.12594
360,227,152,3,28,0.12579
360,22,186,9,26,0.12568
360,403,156,6,38,0.12551
360,354,168,1,46,0.12548
360,261,157,1,44,0.1253
360,318,159,1,32,0.1252
360,345,166,1,33,0.12516
360,94,177,4,56,0.12505
360,566,172,1,50,0.12498
360,491,163,26,52,0.12467
360,263,158,6,22,0.1245
360,280,163,3,30,0.12449
360,67,190,0,28,0.12448
360,229,162,1,47,0.12439
360,298,158,1,29,0.12433
360,597,106,10,85,0.12431
360,215,155,1,37,0.1243
360,247,153,1,24,0.12424
360,533,157,3,91,0.12422
360,306,163,1,48,0.124
360,256,248,1,56,0.124
360,586,196,1,40,0.12395
360,202,150,11,39,0.12391
360,500,70,51,194,0.12384
360,257,159,1,39,0.12379
360,296,162,1,48,0.12367
360,286,166,1,44,0.12361
360,250,154,1,44,0.12343
360,341,165,1,44,0.1233
360,229,152,1,35,0.12328
360,355,169,3,43,0.12311
360,509,202,1,62,0.1231
360,327,164,1,40,0.12304
360,87,190,1,48,0.12278
360,368,155,1,44,0.12262
360,78,160,1,38,0.12258
360,77,207,1,41,0.12248
360,447,210,1,45,0.12234
360,487,202,1,65,0.12224
360,209,165,1,41,0.12221
360,228,155,0,37,0.122
360,345,158,3,28,0.12198
360,356,167,2,40,0.12196
360,273,163,2,31,0.12196
360,487,104,0,43,0.12186
360,116,156,17,44,0.12185
360,237,153,1,24,0.12179
360,206,153,3,38,0.12163
360,448,153,8,56,0.12154
360,436,155,10,44,0.12153
360,479,79,1,20,0.12132
360,238,155,0,28,0.12115
360,357,159,3,38,0.12115
360,347,162,2,33,0.12112
360,334,260,4,41,0.12111
360,478,197,0,58,0.12101
360,316,245,1,58,0.12099
360,507,184,54,79,0.12097
360,508,200,3,55,0.1209
360,636,169,0,91,0.12082
360,276,165,1,44,0.12073
360,594,119,5,83,0.12032
360,637,92,1,93,0.12027
360,326,161,1,59,0.12025
360,617,182,2,88,0.12021
360,336,155,3,25,0.12012
360,344,259,5,45,0.11982
360,444,143,9,50,0.1198
360,68,210,1,33,0.11959
360,376,157,1,45,0.11953
360,458,84,0,32,0.11911
360,264,158,1,25,0.11906
360,446,154,16,65,0.11896
360,452,146,3,52,0.11884
360,588,184,1,36,0.11875
360,198,154,1,56,0.11873
360,329,156,1,32,0.11869
360,259,155,1,38,0.11869
360,468,203,1,48,0.11856
360,309,156,1,30,0.11848
360,540,257,0,38,0.11843
360,216,213,1,53,0.1184
360,356,164,1,41,0.11829
360,381,160,12,30,0.11827
360,76,167,7,35,0.1179
360,494,131,5,69,0.1178
360,597,179,1,41,0.11777
360,340,163,1,39,0.11772
360,338,157,1,31,0.11772
360,373,156,6,41,0.11761
360,460,82,0,21,0.11752
360,455,206,1,45,0.1175
390,46,146,0,74,0.28014
390,47,156,1,61,0.27067
390,41,168,3,44,0.24359
390,45,139,0,74,0.23744
390,43,148,1,75,0.21356
390,55,153,0,68,0.20822
390,60,159,13,47,0.19768
390,45,128,1,83,0.18376
390,141,159,1,44,0.17867
390,45,162,3,49,0.17835
390,41,178,4,33,0.17794
390,56,139,1,78,0.1764
390,373,160,4,34,0.17217
390,370,159,15,31,0.17117
390,47,121,1,93,0.16773
390,67,149,14,60,0.16617
390,43,132,8,67,0.16573
390,38,117,1,70,0.16384
390,456,143,20,67,0.16365
390,39,122,1,77,0.16306
390,47,121,1,82,0.16183
390,23,161,2,68,0.16058
390,260,161,2,43,0.16041
390,44,142,1,73,0.16024
390,41,127,1,81,0.1585
390,396,160,2,26,0.15797
390,56,161,1,60,0.15741
390,38,153,6,52,0.15707
390,130,159,1,44,0.15629
390,41,133,1,80,0.15628
390,310,160,1,48,0.15519
390,33,169,12,43,0.15503
390,356,146,1,30,0.15422
390,529,147,2,44,0.1537
390,270,160,10,26,0.15319
390,186,166,1,53,0.15264
390,320,159,1,45,0.15258
390,38,112,0,69,0.15218
390,411,147,10,38,0.15203
390,365,145,1,32,0.15165
390,380,383,59,89,0.15163
390,260,162,11,25,0.15157
390,38,175,5,35,0.15157
390,84,173,2,40,0.15124
390,524,148,13,23,0.15061
390,31,135,13,56,0.14985
390,344,148,1,28,0.14971
390,597,67,1,40,0.14914
390,428,138,0,56,0.14902
390,138,156,1,49,0.14889
390,140,155,1,41,0.14846
390,340,166,1,47,0.14824
390,1,113,28,67,0.14801
390,265,166,1,32,0.14793
390,234,153,4,69,0.14767
390,6,159,16,66,0.14744
390,350,166,1,40,0.14694
390,189,167,1,44,0.14525
390,236,157,1,35,0.145
390,236,163,1,37,0.14476
390,372,159,0,35,0.14454
390,161,146,11,34,0.14335
390,176,169,1,50,0.14276
390,380,157,10,31,0.14218
390,267,163,3,37,0.1421
390,161,174,1,36,0.14205
390,532,146,3,40,0.14169
390,291,162,1,47,0.1416
390,345,152,1,32,0.14116
390,266,166,1,40,0.14115
390,23,3,9,25,0.14083
390,29,5,10,25,0.14066
390,300,160,1,44,0.14044
390,46,173,3,36,0.13999
390,258,162,3,46,0.13991
390,366,137,0,33,0.13979
390,618,296,2,37,0.13968
390,370,155,2,33,0.13953
390,274,162,5,33,0.13945
390,198,166,1,45,0.1392
390,168,168,1,43,0.13917
390,40,7,11,25,0.13916
390,260,164,0,35,0.13889
390,235,158,1,53,0.13865
390,402,156,6,36,0.13803
390,171,164,0,41,0.1377
390,391,157,10,24,0.13765
390,46,120,1,52,0.1376
390,257,159,4,28,0.13757
390,265,164,2,27,0.13714
390,230,161,0,38,0.13674
390,347,163,1,51,0.13652
390,180,166,1,37,0.1362
390,290,161,1,39,0.13569
390,288,160,1,35,0.13553
390,435,140,1,58,0.13549
390,329,163,1,49,0.13518
390,197,163,2,39,0.13499
390,368,161,1,37,0.13479
390,142,158,6,42,0.13419
390,367,153,1,31,0.13387
390,319,166,1,52,0.1338
390,337,147,1,29,0.1338
390,52,128,8,71,0.13349
390,275,167,1,39,0.13332
390,228,156,1,37,0.13305
390,347,161,1,58,0.13299
390,170,168,1,41,0.13218
390,169,175,1,38,0.13196
390,25,5,3,21,0.13151
390,285,157,3,30,0.13123
390,186,164,1,47,0.13112
390,47,173,1,42,0.13103
390,287,164,1,42,0.131
390,297,155,1,37,0.13091
390,230,147,1,71,0.13049
390,395,158,4,35,0.13047
390,274,166,1,33,0.13045
390,328,150,1,33,0.1304
390,350,163,1,38,0.13037
390,6,91,1,101,0.13017
390,279,163,1,47,0.12998
390,318,151,1,32,0.12954
390,237,152,1,33,0.12941
390,138,158,1,52,0.12939
390,359,161,0,37,0.12937
390,416,148,2,45,0.12896
390,208,137,15,25,0.12887
390,168,158,1,38,0.1287
390,179,173,1,41,0.12842
390,129,155,1,40,0.12839
390,196,160,1,59,0.12715
390,336,161,1,52,0.12675
390,86,151,5,46,0.12663
390,167,153,3,38,0.1264
390,278,162,2,38,0.12603
390,95,155,3,38,0.12589
390,596,0,1,71,0.12572
390,327,148,1,28,0.12562
390,375,163,1,26,0.12487
390,209,166,1,46,0.12477
390,14,2,7,21,0.12448
390,3,6,5,23,0.12447
390,299,154,1,32,0.12426
390,129,161,1,49,0.12404
390,64,126,2,56,0.12404
390,218,141,1,33,0.12398
390,54,127,3,55,0.12375
390,66,129,1,75,0.12351
390,73,164,4,54,0.12329
390,296,159,1,54,0.12324
